' Author: Vahid Keshmiri
' Email: V.Keshmiry@Gmail.com

' Visual Basic code for integrating vehicle routing model

Module VehicleRouting

    Sub Main()
        ' Define nodes and distances
        Dim numNodes As Integer = 10
        Dim costMatrix(,) As Integer = {
            {0, 29, 20, 21, 16, 31, 100, 12, 4, 31},
            {29, 0, 15, 17, 28, 19, 23, 12, 10, 25},
            {20, 15, 0, 28, 10, 14, 24, 8, 18, 33},
            {21, 17, 28, 0, 40, 50, 11, 17, 23, 13},
            {16, 28, 10, 40, 0, 22, 23, 8, 9, 20},
            {31, 19, 14, 50, 22, 0, 27, 16, 6, 18},
            {100, 23, 24, 11, 23, 27, 0, 22, 24, 22},
            {12, 12, 8, 17, 8, 16, 22, 0, 5, 21},
            {4, 10, 18, 23, 9, 6, 24, 5, 0, 19},
            {31, 25, 33, 13, 20, 18, 22, 21, 19, 0}
        }

        ' Call optimization function (assumed to be implemented in an external library)
        Dim optimizedRoute As Integer() = OptimizeRoute(costMatrix, numNodes)

        ' Display the optimized route
        Console.WriteLine("Optimized Route:")
        For Each node As Integer In optimizedRoute
            Console.Write(node & " ")
        Next
        Console.WriteLine()
    End Sub

    Function OptimizeRoute(costMatrix(,) As Integer, numNodes As Integer) As Integer()
        ' Placeholder function for optimization logic
        ' Integrate with MATLAB or other optimization libraries
        Dim route(numNodes - 1) As Integer
        ' Example route: simple sequential routing (to be replaced with actual optimization result)
        For i As Integer = 0 To numNodes - 1
            route(i) = i
        Next
        Return route
    End Function

End Module
